
              [0;37;40m                             [0;5;31;40mS[0;5;35;40m [0;1;30;47mS[0;5;35;40m;;[0;37;40m                [0;5;37;47m8[0;37;40m                           [0;5;35;40mS[0;5;37;40m8[0;5;35;40m [0;1;30;47mS[0;5;35;40m8[0;37;40m    [0;5;35;40m [0;1;30;47m:[0;37;40m                                   [0m
              [0;37;40m                               [0;5;35;40m [0;35;47m8[0;1;30;47m8[0;5;35;40m;[0;37;40m               [0;1;30;47mt[0;37;40m       [0;5;37;40m8[0;1;30;47mS. [0;1;37;47mt%%t:[0;1;30;47m:X[0;5;35;40m [0;37;40m         [0;5;35;40m.[0;35;47m8[0;1;30;45m8[0;1;30;47m8[0;37;40m   [0;1;37;47mS[0;5;37;47m:;;@[0;5;35;40m [0;37;40m                                [0m
              [0;37;40m                               [0;5;35;40m%%S:[0;37;40m              [0;1;30;47mX[0;37;40m  [0;1;30;47mS[0;1;37;47mS[0;5;37;47mS;;;;;;;;t;;;;:.;;t[0;1;37;47m8[0;1;30;47m [0;5;35;40m [0;37;40m    [0;5;35;40m  %S[0;37;40m [0;5;37;47m@t;;;:.[0;1;37;47m8[0;5;37;40m8[0;37;40m                              [0m
              [0;37;40m                               [0;5;30;40mS[0;5;35;40m;t;[0;37;40m             [0;1;30;47m;[0;1;37;47mt[0;5;37;47mtt;t;t[0;1;37;47m8888[0;5;37;47m;t[0;1;37;47m8[0;5;37;47mS[0;1;35;47mS[0;5;37;47mt[0;1;37;47m888888888[0;5;37;47m.tt[0;1;37;47mX[0;5;35;40m t[0;1;30;47mXt;S[0;5;37;47m%ttt[0;5;1;35;47m8[0;5;37;47m%;;;t[0;1;30;47mX[0;37;40m                            [0m
              [0;37;40m                                [0;5;35;40m;: X[0;37;40m         [0;1;30;47m.[0;5;37;47mStt[0;1;37;47mt[0;5;37;47m;ttS[0;1;35;47m@[0;1;37;47m8[0;5;37;47m%:[0;5;1;35;47m8[0;5;37;47mt[0;1;35;47mX[0;1;37;47m8[0;5;37;45m@[0;5;37;47m;:t[0;5;1;35;47m8[0;5;37;47m;[0;5;1;35;47m8[0;5;37;47m;:[0;5;1;35;47m8[0;5;37;47mt;;[0;1;35;47mX[0;1;37;47m888[0;5;37;47m [0;1;35;47mS[0;1;30;47mS[0;1;30;45m8[0;1;30;47m@[0;1;30;45m8[0;35;47m8[0;5;37;47m@t[0;5;1;35;47m8[0;5;37;47m@tt[0;5;1;35;47m8[0;5;37;47mS:;S[0;5;35;40m:[0;37;40m                          [0m
              [0;37;40m                                [0;5;35;40m [0;1;30;47mt[0;1;30;45m8[0;5;35;40m:[0;37;40m       [0;1;30;47m:[0;5;37;47m%%t%tS[0;5;1;35;47m8[0;5;37;47m8[0;1;35;47m@[0;1;37;47m8[0;5;37;47m%%[0;5;1;35;47m8[0;5;37;47mX%t;t%S[0;5;1;35;47m8[0;5;37;47mX%%%[0;5;1;35;47m8[0;5;37;47m@S%[0;5;1;37;45m8[0;5;37;47mSttt[0;5;1;35;47m8[0;1;37;47m@8.[0;37;45m8[0;1;30;47m8[0;35;47m8[0;1;30;45m88[0;5;37;47m8X%[0;5;1;35;47m8[0;5;37;47m@S%t;t;[0;1;37;47m@[0;5;35;40m%[0;37;40m                        [0m
              [0;37;40m                                [0;5;35;40m;[0;1;30;47m@[0;35;47m8[0;5;35;40m.[0;37;40m     [0;1;30;47mt[0;5;37;47m%%S[0;1;37;47m8[0;1;35;47mX[0;5;37;47m@[0;5;37;45m8[0;5;37;47m8[0;1;35;47mS[0;1;37;47m;[0;5;37;47m%%[0;5;1;35;47m8[0;5;37;47m@S%[0;5;1;35;47m8[0;5;37;47m@[0;5;1;35;47m8[0;5;37;47mX%SS[0;5;1;35;47m@[0;5;37;47mX[0;5;1;35;47m8[0;5;37;47m8X%[0;5;1;35;47m8[0;5;37;47m@X%[0;5;1;35;47m8[0;5;37;47m@SX%%X[0;1;37;47m:[0;37;45m8[0;5;35;40m  .[0;1;30;45m8[0;5;37;47mSSX[0;5;1;35;47m@[0;5;37;47m@[0;5;1;35;47m8[0;5;37;47m@%[0;5;1;35;47m8[0;5;37;47m@%%[0;1;37;47m8[0;37;40m                       [0m
              [0;37;40m                                 [0;5;35;40m [0;35;47m8[0;1;30;47m8[0;5;35;40m8[0;37;40m   [0;5;37;47m8S[0;1;37;47m8[0;1;35;47mX[0;1;37;47m8[0;5;37;47mttSX[0;1;37;47m:[0;5;37;47m8S[0;5;1;35;47m8[0;5;37;47m8XS[0;5;1;35;47m8[0;5;37;47m8XXX[0;5;1;35;47m8[0;5;37;47m@[0;5;1;35;47m8[0;5;37;47m8XXX[0;5;1;35;47mX[0;5;37;47m@SX[0;5;1;35;47m@[0;5;37;47m@XX[0;5;1;35;47m8[0;5;37;47mX[0;5;1;35;47m@[0;5;37;47mX[0;5;1;35;47m8[0;5;37;47mX%%[0;1;37;47m;[0;1;30;45m8[0;5;35;40m :[0;1;37;47m;[0;5;1;35;47m8[0;5;37;47m8XXX[0;5;1;35;47m8[0;5;37;47m8XS[0;5;1;35;47m8[0;5;37;47m8[0;35;47m@[0;1;37;47m [0;1;30;47m8[0;37;40m                     [0m
              [0;37;40m                            [0;5;35;40m [0;1;37;47m;[0;1;30;47m:[0;5;35;40mt[0;37;40m [0;5;35;40m8 [0;35;47m8[0;5;35;40m @ [0;5;37;47mS[0;1;37;47m@[0;1;35;47mS[0;5;37;47mX%[0;5;1;35;47m8[0;5;37;47m@[0;5;1;35;47m8[0;5;37;47m8[0;1;35;47mS[0;5;37;47mS[0;5;1;35;47m@[0;5;37;47m8@S[0;5;1;35;47m8[0;5;37;47m8@[0;5;1;35;47m@[0;5;37;47m8[0;5;1;35;47m@[0;5;37;47m8@[0;5;1;35;47mX[0;5;37;47m8X[0;5;1;35;47mX[0;5;37;47m@[0;5;1;35;47mX[0;5;37;47m8[0;5;1;35;47m@[0;5;37;47m8XS[0;5;1;35;47mX[0;5;37;47mXXXtSS@[0;5;1;35;47m@[0;5;37;47mStSX[0;1;37;47m [0;35;41m8[0;37;40m [0;1;37;47m8[0;5;37;47mS[0;5;1;35;47m8[0;5;37;47m8X@[0;5;1;35;47m@[0;5;37;47m8[0;5;1;35;47m@[0;5;37;47m8XS[0;35;47m8[0;37;40m [0;5;35;40m:[0;37;40m                    [0m
              [0;37;40m                          [0;1;30;47m8[0;5;37;47mS%SSS8[0;1;37;47m.[0;35;47m8[0;1;30;47mX;S[0;1;37;47m;t[0;5;37;47mXS[0;5;1;35;47m8[0;5;37;47m88@@[0;5;1;35;47m8[0;5;37;47m888[0;5;1;35;47m@[0;5;37;47m8[0;5;1;35;47m@[0;5;37;47m8X[0;5;1;35;47m@[0;5;37;47m88[0;5;1;35;47mX[0;5;37;47m8[0;5;1;35;47mX[0;5;37;47m8StS[0;5;1;35;47mX[0;5;37;47m888[0;5;1;35;47m@[0;5;37;47m8[0;5;1;35;47mX[0;5;37;47m8[0;5;1;35;47mX[0;5;37;47m8[0;5;1;35;47m@[0;5;37;47m8[0;5;1;35;47m@[0;5;37;47m8[0;5;1;35;47m@[0;5;37;47m8@[0;5;1;35;47m@[0;5;37;47m8XSX[0;1;30;45m8[0;5;35;40m8[0;1;37;47m:[0;5;37;47m8[0;5;1;35;47m@[0;5;37;47m8[0;5;1;35;47m@[0;5;37;47m888[0;5;1;35;47m8[0;1;37;47m [0;5;37;47m88[0;1;37;47mS[0;37;40m                     [0m
              [0;37;40m                        [0;5;37;40m@[0;1;37;47m8[0;5;37;47mSXX[0;5;1;37;45m8[0;5;37;47m8XXX[0;1;35;47m8[0;1;30;47m@[0;35;47m@@[0;1;37;47m%[0;5;37;47m%[0;5;1;35;47m8[0;5;37;47m88[0;5;1;35;47m@[0;5;37;47m8[0;5;1;35;47m8[0;5;37;47m88[0;5;1;35;47m@[0;5;37;47m8[0;5;1;35;47m@[0;5;37;47m88@S[0;5;1;35;47mX[0;5;37;47m8[0;5;1;35;47mS[0;5;37;47m88[0;5;1;35;47mX[0;5;37;47m88[0;5;1;35;47mX[0;5;37;47m8[0;5;1;35;47mX[0;5;37;47m8[0;5;1;35;47mX[0;5;37;47m8[0;5;1;35;47m@[0;5;37;47m8[0;5;1;35;47mX[0;5;37;47m88[0;5;1;35;47mX[0;5;37;47m8[0;5;1;35;47mX[0;5;37;47m88[0;5;1;35;47m@[0;5;37;47m88[0;5;1;35;47m@[0;5;37;47m8[0;5;1;35;47m@[0;5;37;47m8[0;5;1;35;47m8[0;5;37;47m8@[0;1;37;47m [0;5;35;41m:[0;5;37;47m88[0;5;1;35;47m@[0;5;37;47m8[0;5;1;35;47m@[0;5;37;47m8[0;5;37;45m8[0;5;37;47m8[0;5;1;35;47m@[0;5;37;47m8[0;5;35;41m%[0;1;37;47mt8[0;5;35;40m;[0;37;40m                   [0m
              [0;37;40m                      [0;5;35;40m [0;5;37;47mXSX[0;5;1;35;47m8[0;5;37;47m8[0;5;1;35;47m8[0;5;37;47m88[0;5;1;37;45m8[0;5;37;47m8[0;1;35;47mS[0;1;30;47m8[0;1;30;45m8[0;1;37;47m [0;5;37;47m8:X8[0;5;1;35;47m8[0;5;37;47m88[0;5;1;35;47m@[0;5;37;47m8[0;5;1;35;47m@[0;5;37;47m88[0;5;1;35;47m@[0;5;37;47m8[0;5;1;35;47mX[0;5;37;47m8[0;5;1;35;47mS[0;5;37;47m8@@[0;5;1;35;47mX[0;5;37;47m8[0;5;1;35;47m@[0;5;37;47m8[0;5;1;35;47mX[0;5;37;47m8[0;5;1;35;47mX[0;5;37;47m88[0;5;1;35;47mX[0;5;37;47m8[0;5;1;35;47mX[0;5;37;47m8[0;5;1;35;47mX[0;5;37;47m8[0;5;1;35;47m@[0;5;37;47m88[0;5;1;35;47m@[0;5;37;47m8[0;5;1;35;47m@[0;5;37;47m88[0;5;1;35;47m@[0;5;37;47m88[0;5;1;35;47m@[0;5;37;47m8[0;5;1;35;47m@[0;5;37;47m88[0;5;1;35;47m@[0;5;37;47m8@[0;5;37;45m@[0;1;31;47m8[0;5;37;47m88[0;5;1;35;47m8[0;5;37;47m88[0;5;1;35;41m8[0;1;33;47m%[0;5;37;47m88[0;37;40m   [0;5;35;40m.[0;37;40m                  [0m
              [0;37;40m                     [0;1;37;47m;[0;5;37;47m;%X88[0;5;1;35;47m8[0;5;37;47m88[0;5;1;35;47m8[0;5;37;47m88[0;1;35;47mX[0;35;47m8[0;1;37;47m [0;5;37;47m8S%[0;5;1;35;47m8[0;5;37;47m88[0;5;1;35;47m8[0;5;37;47m8888[0;5;1;35;47mX[0;5;37;47m88[0;5;1;35;47m@[0;5;37;47m8[0;5;1;35;47m@[0;5;37;47m8[0;5;1;35;47mX[0;5;37;47m8[0;5;1;35;47mX[0;5;37;47m8[0;5;1;35;47m@[0;5;37;47m8[0;5;1;35;47mX[0;5;37;47m8[0;5;1;35;47m@[0;5;37;47m8[0;5;1;35;47m@[0;5;37;47m8[0;5;1;35;47mX[0;5;37;47m88[0;5;1;35;47m@[0;5;37;47m88[0;5;1;35;47mX[0;5;37;47m8[0;5;1;35;47m@[0;5;37;47m88[0;5;1;35;47m@[0;5;37;47m8[0;5;1;35;47m@[0;5;37;47m8[0;5;1;35;47m@[0;5;37;47m88[0;5;1;35;47m@[0;1;33;47mS[0;5;37;45m8[0;5;37;47m88[0;5;1;35;47m8[0;1;37;47m [0;35;47m@[0;1;35;47m%[0;5;37;41m@[0;5;37;47m8[0;5;1;35;41m8[0;5;37;47m888[0;5;1;31;45m8[0;5;35;41m;[0;1;37;47m88[0;5;35;40m:[0;37;40m                    [0m
              [0;37;40m                   [0;5;37;40m8[0;5;37;47m8SXS[0;5;1;35;47m8[0;5;37;47m8[0;5;1;35;47m8[0;5;37;47m88[0;5;1;35;47m8[0;5;37;47m8[0;5;1;35;47m8[0;5;37;47m8[0;1;31;47mS[0;1;37;47m [0;5;37;47m8[0;5;1;35;47m8[0;5;37;47m8[0;5;1;35;47m8[0;5;37;47m8[0;5;1;35;47m@[0;5;37;47m88[0;5;1;35;47m8[0;5;37;47m8[0;5;1;35;47mS[0;5;37;47m88[0;5;1;35;47mX[0;5;37;47m88[0;5;1;35;47m@[0;5;1;33;47m@[0;5;1;35;47m@[0;5;37;47m8[0;5;1;35;47m@[0;5;37;47m8[0;5;1;35;47m@[0;5;1;33;47m@[0;5;1;35;47m8[0;5;37;47m88[0;5;1;35;47m@[0;5;1;33;47m@[0;5;1;35;47m8[0;5;37;47m8[0;5;1;35;47m@[0;5;1;33;47m@[0;5;1;37;45m@[0;5;1;33;47m8[0;5;1;35;47m8[0;5;37;47m8[0;5;1;35;47m@[0;5;1;33;47m@[0;5;1;35;47m8[0;5;37;47m8[0;5;1;35;47m8[0;5;1;33;47m@[0;5;1;35;47m8[0;5;1;33;41m8[0;5;1;37;45m8[0;5;37;47m8[0;5;37;45m8[0;5;1;33;47m8[0;5;1;35;47m8[0;5;37;47m8[0;5;37;41m8[0;5;1;35;41m8[0;1;37;47m [0;5;37;47m888[0;1;31;45m8[0;1;30;47m8[0;5;37;41m8[0;1;37;47m [0;5;35;41m [0;1;35;47mX[0;5;37;47m88[0;1;30;47mX[0;37;40m [0;5;35;40m;[0;1;37;47m%.[0;37;40m                   [0m
              [0;37;40m                  [0;1;37;47m:[0;5;37;47m88[0;5;1;37;45m8[0;5;37;47m888[0;5;1;35;47m8[0;5;37;47m8[0;5;1;35;47m8[0;5;37;47m88[0;5;1;35;47m8[0;5;37;47m8[0;1;35;47mS[0;5;37;47m8[0;5;1;35;47m8[0;5;37;47m88[0;5;1;35;47m8[0;5;37;47m888[0;5;1;35;47m8[0;5;37;47m8[0;5;1;35;47m@[0;5;37;47m8[0;5;1;35;47mX[0;5;37;47m8[0;5;1;35;47mX[0;5;37;47m8[0;5;1;35;47m8[0;5;1;33;47m@[0;5;1;35;47m8[0;5;37;47m8[0;5;1;35;47m8[0;5;37;47m8[0;5;1;35;47m8[0;5;1;31;43m8[0;5;1;35;47mX[0;5;37;47m8[0;5;1;35;47m@[0;5;37;47m8[0;5;1;35;47m8[0;5;1;33;47m8[0;5;1;37;45m8[0;5;37;47m8[0;5;1;35;47m@[0;5;1;33;47m8[0;5;1;37;45m8[0;1;37;47m [0;5;1;35;41mX[0;1;31;47mS[0;5;37;47m8[0;5;1;35;47m8[0;5;37;47m8[0;5;1;35;47m8[0;5;1;33;47m8[0;5;1;35;47m8[0;5;37;47m8[0;5;1;35;47m@[0;1;37;47m [0;5;37;41m88[0;1;37;47m [0;5;1;35;41m8[0;1;31;47mS[0;5;37;47m8S[0;1;37;47m [0;5;35;41m [0;5;37;45m@[0;5;37;41m8[0;5;37;47m88[0;37;40m  [0;5;35;40m;[0;35;47m8[0;5;35;41m [0;1;35;47m8[0;1;37;47m [0;5;37;47m8[0;37;40m   [0;5;31;40mX[0;1;30;47mS[0;5;35;40m.[0;37;40m                 [0m
              [0;37;40m                 [0;1;37;47m.8[0;5;1;37;45m8[0;5;37;47m88[0;5;1;37;45m8[0;5;37;47m8[0;5;1;35;47m8[0;5;37;47m88[0;5;1;35;47m8[0;5;37;47m8[0;5;1;35;47m8[0;5;1;33;47m8[0;5;37;45m8[0;5;37;47m8[0;1;37;47m [0;5;37;47m8[0;5;1;37;45m8[0;5;37;47m88[0;5;1;35;47m8[0;5;37;47m8[0;5;1;35;47m8[0;5;37;47m8[0;5;1;35;47m8[0;5;1;33;47m8[0;5;1;35;47m8[0;5;37;47m8[0;5;1;35;47m8[0;5;1;33;47m8[0;5;1;35;47m8[0;5;37;47m8[0;5;1;35;47m8[0;5;37;47m8[0;5;1;35;47m8[0;5;1;33;47m8[0;5;1;35;47m8[0;1;31;47mS[0;5;1;35;47m8[0;5;37;47m8[0;5;1;35;47m8[0;5;37;47m8[0;5;1;35;47m8[0;5;1;33;47m8[0;5;1;37;45m8[0;5;37;47m88[0;5;1;35;47m8[0;5;37;47m8[0;5;31;41m [0;5;37;47m88[0;5;35;41m [0;1;31;47m8[0;5;37;41m8[0;1;35;47m%[0;5;37;47m8[0;5;1;31;45m8[0;1;37;47m  [0;5;1;35;47m8[0;1;37;47m   [0;5;37;41m8[0;35;47mX[0;5;35;41m:[0;1;35;47m8[0;1;37;47m [0;5;1;35;47m@[0;1;35;47mS[0;5;33;41mX[0;35;47m8[0;5;35;41m:[0;1;37;47mXS[0;37;40m  [0;1;30;40m8[0;5;35;40m;[0;5;35;41m;[0;35;47m8[0;1;35;47mX[0;1;37;47m [0;37;40m     [0;5;35;40mt[0;37;40m                [0m
              [0;37;40m                [0;1;37;47m.[0;1;35;47mX[0;5;37;47m88[0;5;1;37;45m8[0;5;37;47m88[0;5;1;35;47m8[0;5;37;47m8[0;5;1;37;45m8[0;5;37;47m88[0;5;1;37;45m8[0;5;1;33;47m8[0;5;37;45m8[0;5;37;47m8[0;5;37;41m8[0;5;37;47m8[0;5;1;37;45m8[0;5;1;33;41m8[0;5;1;35;47m8[0;5;37;47m88[0;5;1;35;47m8[0;5;1;33;47m8[0;5;1;37;45m8[0;5;37;47m8[0;5;1;35;47m8[0;5;37;47m8[0;5;1;35;47m8[0;5;1;33;47m8[0;5;1;37;45m8[0;5;37;47m8[0;5;1;35;41m8[0;5;37;47m88[0;5;1;35;47m8[0;5;37;47m8[0;5;1;35;47m8[0;5;37;41m8[0;1;37;47m [0;5;1;35;47m@[0;5;37;47m88[0;5;1;35;47m8[0;5;37;47m8[0;5;1;35;47m8[0;5;37;47m8[0;5;1;35;47m8[0;5;1;31;43m8[0;5;1;35;47m8[0;1;37;47m [0;5;35;41m:[0;1;37;47m88[0;1;30;47mX[0;35;47m@[0;5;33;41m [0;1;30;47m8[0;1;31;47m%8[0;5;1;35;41m@[0;1;33;47mS[0;5;1;37;45m8[0;1;37;47m [0;5;37;47m88[0;1;37;47m [0;1;30;47m8[0;1;31;47m8[0;5;35;41m;[0;1;37;47mt[0;5;37;47m8[0;37;45m@[0;1;30;45m8[0;35;47m8[0;5;35;41mS[0;35;47m8[0;1;37;47m [0;37;40m   [0;5;31;40mX[0;1;31;45m8[0;35;47m8[0;1;37;47m [0;5;35;40m%[0;37;40m                     [0m
              [0;37;40m              [0;5;35;40m [0;1;30;47mS[0;37;40m [0;1;37;47m8[0;5;37;47m8[0;5;1;37;45m8[0;1;37;47m [0;5;37;47m8[0;5;1;37;45m8[0;5;37;47m888[0;5;1;31;45m8[0;5;1;33;47m@[0;5;1;35;47m8[0;1;35;47m%[0;1;33;47m%[0;5;31;41mX[0;5;37;47m%[0;5;37;45m8[0;1;31;47m8[0;5;37;47m88[0;5;1;37;45m8[0;5;1;33;47m8[0;5;1;37;45m8[0;5;37;47m88[0;5;1;35;47m8[0;5;1;37;43m8[0;5;1;37;45m8[0;5;37;47m8[0;5;1;37;45m8[0;5;1;33;47m8[0;5;1;37;45m8[0;5;1;33;41m8[0;1;35;47mS[0;5;37;47m8[0;5;1;35;47m8[0;5;1;33;41m8[0;5;37;47m8[0;5;1;35;41m8[0;1;37;47m [0;5;37;47m8[0;5;1;37;45m8[0;5;1;37;43m8[0;5;1;37;45m8[0;5;37;47m8[0;5;1;33;47m8[0;5;1;37;45m8[0;5;37;47m8[0;5;37;45m8[0;1;37;47m   [0;35;47m8[0;1;35;47mX[0;1;30;47m8[0;5;37;47m;8[0;1;37;47m [0;1;31;47m8[0;1;35;47mX[0;1;37;47m [0;1;31;47m@[0;5;37;41m8[0;1;35;47m8[0;1;31;47mX[0;5;37;47m8%[0;1;37;47m [0;1;30;47mX[0;1;37;47m [0;35;47m@[0;1;37;47m  [0;1;31;47m@[0;1;30;47m8[0;1;30;45m8[0;37;45m8[0;5;35;41mX[0;1;30;47m8[0;37;40m    [0;5;35;40m%[0;5;35;41m;[0;1;37;47m%[0;37;40m                     [0m
              [0;37;40m             [0;5;35;40m;[0;37;40m  [0;1;30;47m:[0;1;37;47m8[0;5;1;37;45m8[0;1;37;47m  [0;5;1;35;47m8[0;5;1;33;47m8[0;5;1;37;45m8[0;5;37;47m8[0;5;1;35;47m8[0;5;37;47m8[0;5;1;35;41m8[0;5;37;47m8[0;1;35;47m%[0;5;35;41mS[0;1;37;47m8[0;1;35;47m%[0;1;31;47mX[0;1;37;47m [0;5;1;35;47m8[0;5;37;47m8[0;5;1;37;45m8[0;5;37;47m88[0;5;1;31;45m8[0;5;37;47m8[0;5;1;35;47m8[0;5;37;47m8[0;5;37;45m8[0;5;1;37;43m8[0;5;1;35;47m8[0;5;37;47m8[0;1;31;47m8[0;35;47m8[0;5;37;41m8[0;5;37;47m8[0;5;1;35;47m8[0;1;35;47mX[0;1;37;47m [0;5;37;41m8[0;1;35;47m8[0;1;33;47m%[0;5;1;35;47m8[0;5;37;47m8[0;5;1;35;47m8[0;5;1;31;45m8[0;5;37;47m88[0;5;1;31;45m8[0;5;37;43m8[0;1;35;47m%[0;5;37;47m:X[0;1;37;47m.[0;1;33;47m8[0;1;35;47mS[0;5;37;47m8%t8[0;33;47m8[0;5;35;41m:[0;1;37;47m%[0;5;37;47m8[0;1;31;47mX[0;5;37;41m8[0;35;47m8[0;5;37;47m8[0;1;37;47m;[0;5;37;47m888888888[0;1;37;47m8;.[0;1;30;47m8[0;37;40m   [0;5;35;40mS[0;1;30;45m8[0;37;40m                     [0m
              [0;37;40m            [0;5;35;40mX[0;37;40m  [0;5;35;40m:[0;5;37;47m8[0;5;37;45m8[0;5;37;47m8[0;5;1;35;41m8[0;5;37;47m8[0;5;1;35;47m8[0;5;37;47m8[0;5;1;37;45m8[0;5;1;37;43m8[0;5;1;37;45m8[0;5;1;33;41m8[0;5;37;47m8[0;1;31;47m@[0;35;47m8[0;5;37;40m;[0;1;37;47m:[0;1;35;47m8[0;1;37;47m [0;5;37;47m8[0;5;37;45m8[0;5;37;47m8[0;5;37;41m8[0;5;1;35;47m8[0;5;37;47m88[0;5;1;35;47m8[0;5;1;37;43m8[0;5;1;37;45m8[0;1;33;47mX[0;5;37;45m8[0;5;37;47m8[0;5;1;37;45m8[0;5;37;41m8[0;1;37;47m [0;5;35;41mt[0;5;37;47m8[0;1;37;47m [0;5;37;41m8[0;1;37;47mt[0;5;35;41m;[0;35;47mX[0;1;37;47m [0;5;1;37;45m8[0;5;1;33;47m8[0;5;37;47m8[0;1;35;47m%[0;5;1;35;41m8[0;5;37;47m8[0;1;31;47mS[0;5;1;31;45m8[0;5;37;47m8;:%8[0;1;31;47m@[0;1;37;47m [0;5;37;47m8;tt8[0;1;30;47m8[0;1;37;47m [0;5;37;47mtS[0;1;37;47m [0;5;37;41m8[0;1;37;47m [0;1;33;47m@[0;1;31;47mX[0;1;33;47mS[0;1;37;47m [0;5;37;47m8[0;1;37;47m.[0;5;37;47m88888888[0;1;37;47m@[0;1;30;47m8[0;37;40m [0;5;35;40mS[0;1;30;41m@[0;37;40m                    [0m
              [0;37;40m               [0;1;37;47m%S[0;5;37;47m8[0;5;37;41m8[0;5;37;47m88[0;5;1;37;45m8[0;5;1;37;43m8[0;5;1;37;45m8[0;1;35;47m%[0;5;37;41m8[0;1;35;47m8[0;37;45m8[0;5;35;41mt[0;37;40m [0;1;37;47m [0;1;31;45m8[0;1;37;47m.[0;5;37;45m8[0;5;37;47m88[0;5;1;35;41m8[0;1;37;47m [0;5;37;47m8[0;5;1;37;45m8[0;5;1;37;43m8[0;5;1;37;45m8[0;5;37;47m8[0;5;37;45m8[0;5;37;41m8[0;1;31;47mX[0;5;37;47m88[0;5;35;41m [0;1;37;47m [0;1;30;47m8[0;5;37;45m8[0;1;35;47mS[0;5;37;41m8[0;1;35;47m@[0;5;35;40m [0;5;35;41m%[0;1;37;47m [0;1;35;47mX[0;5;1;37;45m8[0;5;37;47m8[0;5;37;41m8[0;1;37;47m [0;5;37;45m8[0;5;33;41m:[0;1;37;47m: [0;5;37;47m::;t8[0;1;33;47mS[0;1;37;47m [0;5;37;47mt::t8[0;1;37;47m:[0;5;37;47m%:.[0;1;37;47mt[0;33;47m@[0;1;35;47mS[0;33;47m@[0;1;35;47mS[0;1;33;47m8[0;1;31;47m8[0;1;33;47mX[0;1;31;47m8[0;1;33;47m@[0;1;37;47m.[0;5;37;47m8888[0;1;37;47m@X[0;5;37;47m88[0;1;30;47mS[0;5;35;40m%[0;37;40m                    [0m
              [0;37;40m              [0;5;37;40m8[0;1;35;47mX[0;5;37;47m8[0;5;1;31;45m8[0;1;37;47m [0;5;1;35;47m8[0;5;37;47m8[0;5;37;45m8[0;5;37;47m8[0;5;37;41m8[0;1;31;47m@8[0;5;35;41mt[0;5;37;40mX[0;37;40m [0;5;35;40m:[0;1;30;45m8[0;1;37;47m  [0;5;37;47m8[0;5;1;37;45m8[0;5;37;43m8[0;5;37;45m8[0;1;37;47m [0;5;1;35;47m8[0;5;1;33;47m8[0;5;1;37;45mX[0;5;37;47m8[0;5;1;35;41m8[0;1;37;47m.[0;1;35;47mS[0;5;33;41mt[0;5;37;47m8[0;5;37;45m8[0;35;47m@[0;33;47m@[0;35;47m8[0;5;33;41m.[0;1;30;47m8@[0;1;31;47m8[0;1;30;47m8X[0;1;31;47m8@[0;5;37;47m8[0;5;37;45m8[0;5;37;41m88[0;33;47m@[0;1;37;47m :[0;5;37;47m8S:::%8[0;1;35;47mX[0;5;37;47mt::.::::.[0;33;47mX[0;1;33;47mS[0;1;31;47mX[0;1;33;47mS[0;1;31;47m@[0;1;30;47m88[0;1;31;47mS[0;1;37;47m [0;1;31;47mX[0;1;33;47mS[0;1;37;47m [0;1;33;47mSS[0;1;37;47m [0;5;37;47m888888[0;37;40m                    [0m
              [0;37;40m              [0;1;37;47m:[0;1;35;47mSS[0;1;31;47m8[0;5;37;47m8[0;5;37;45m8[0;5;1;33;47m8[0;5;1;35;47m8[0;5;37;41m8[0;1;35;47m8[0;5;35;41m:[0;35;47mX[0;5;35;40m:[0;37;40m  [0;1;30;47mX[0;37;40m [0;1;37;47mS[0;5;37;45m8[0;5;37;47m8[0;5;37;45m8[0;5;37;41m8[0;1;31;47mS[0;5;37;47m8[0;5;1;31;45m8[0;5;37;47m8[0;1;37;47m [0;5;1;35;47m8[0;1;33;47m8[0;5;35;41m:[0;1;37;47m [0;1;30;47m@[0;1;37;47m  [0;5;35;41m.[0;1;30;47m8[0;1;37;47m%[0;35;47m8[0;5;35;41mX[0;5;37;47mX[0;1;30;47m8[0;35;47m@[0;5;37;47mX[0;1;31;47m8[0;35;47m8[0;1;37;47m  [0;5;37;41m8[0;35;47m8[0;1;37;47m.[0;5;37;47m8[0;1;35;47m@[0;5;37;47m8;:.::;88;::.:.::[0;1;37;47m [0;33;47mX[0;35;47mS[0;33;47mS[0;1;30;47m8[0;1;31;47mX[0;1;37;47m [0;1;33;47m@[0;35;47m@[0;1;33;47mS[0;35;47m@[0;1;31;47m8[0;1;37;47m [0;5;37;47m888888888[0;37;40m                   [0m
              [0;37;40m             [0;5;35;40m;[0;1;35;47mS[0;1;31;47mX[0;37;40m [0;1;37;47mt:[0;5;1;35;47m8[0;1;35;47mS[0;5;37;41m88[0;5;35;40mS[0;35;47m8[0;1;31;45m8[0;37;40m  [0;5;35;40mt[0;37;40m [0;5;35;40m.[0;1;37;47m: [0;5;1;35;47m8[0;5;1;33;41m8[0;35;47m8[0;5;37;47m8[0;5;1;37;45m8[0;1;33;47m8[0;5;37;45m8[0;5;37;47m8[0;5;1;37;45m8[0;5;35;41m [0;1;30;47mt[0;37;45m@[0;33;47m@[0;1;37;47m [0;1;35;47m8[0;35;47m8[0;33;47m@[0;5;37;47m8[0;35;47m8[0;1;30;43m8[0;5;37;47m@8[0;1;31;47m8[0;5;37;47m.[0;1;37;47m [0;35;47m%[0;1;35;47m%[0;5;1;35;41m8[0;1;31;47m@[0;35;47mX[0;5;37;47m%[0;1;37;47m  [0;5;37;47m%::::::;t:.:t[0;1;33;47m8[0;1;30;47m8[0;1;30;43m8[0;1;30;47m8[0;1;37;47m  [0;1;31;47m@[0;1;37;47m [0;1;31;47m8[0;1;33;47mS[0;35;47m@[0;1;31;47mX[0;1;33;47mS[0;35;47m8[0;1;37;47m [0;5;37;47m88888888888[0;1;37;47m8[0;37;40m                  [0m
              [0;37;40m             [0;5;35;40m .[0;37;40m [0;1;30;47mt[0;1;37;47m@[0;5;1;37;45m8[0;5;1;33;41m8[0;1;35;47m8[0;5;31;41m8[0;37;40m [0;5;35;40mS[0;5;31;40m@[0;37;40m   [0;5;31;40mS[0;37;40m [0;1;30;47m:[0;1;35;47m@[0;5;37;47m8[0;5;37;45m8[0;5;37;41m8[0;35;47m8[0;1;37;47m [0;5;1;35;47m8[0;5;31;41m [0;5;37;47m8[0;5;1;35;47m8[0;1;33;47mS[0;37;45m8[0;1;30;47m8[0;5;35;41m%[0;1;30;47m@[0;5;37;47m@[0;1;31;47mX[0;5;35;41m;[0;1;37;47m [0;5;37;47mt[0;35;47m8[0;33;47m@[0;5;37;47mXt[0;1;30;47mX[0;5;37;47m;8[0;1;31;47mX[0;5;37;47m8[0;1;31;47m8[0;37;45m8[0;1;37;47mS[0;5;37;47m:[0;1;37;47m [0;5;37;47m8;:.:.:.:::[0;1;37;47m8[0;1;30;43m@[0;5;33;40m@[0;1;30;47mS88[0;5;37;40m%[0;5;33;40m;[0;1;37;47m [0;1;33;47mX[0;1;30;47m88[0;33;47m8X[0;1;35;47m%[0;33;47m8@[0;1;37;47m .[0;5;37;47m8888[0;5;37;43m8[0;5;37;47m8[0;1;37;47mt[0;5;37;47m8888[0;37;40m                  [0m
              [0;37;40m               [0;5;35;40m [0;5;37;47m8[0;5;37;45m8[0;5;37;41m8[0;1;30;45m8[0;37;40m  [0;5;31;40m8[0;30;41m8[0;37;40m      [0;1;37;47mS[0;1;35;47m@[0;5;37;47m8[0;5;37;41m8[0;1;31;45m8[0;1;37;47m [0;5;1;35;47m8[0;1;33;47mS[0;1;31;45m8[0;5;37;47m8[0;1;37;47m [0;5;1;37;45m8[0;5;31;41m.[0;1;30;47m888[0;5;37;47m8.[0;1;30;47m8[0;35;47m@[0;5;37;47m:[0;33;47m8[0;1;37;47m [0;5;37;47m%:;:.[0;1;37;47mt[0;5;37;47mX[0;1;30;47m8[0;5;35;41m;[0;5;37;47m .8t:::.[0;5;1;33;47mX[0;5;37;47m;:X[0;5;1;33;47m8[0;1;30;43m8[0;1;30;41mS[0;1;30;47m8[0;5;37;47m8%%tt[0;1;33;47mX[0;35;47m@[0;1;31;47mX[0;33;47mX[0;1;31;47mX[0;35;47mS[0;33;47m8[0;1;31;47m@[0;1;37;47m [0;1;31;47m8[0;1;33;47mX[0;1;31;47mX[0;1;33;47mS[0;5;37;47m8[0;1;37;47m:[0;5;37;47m8888[0;5;1;33;47m8[0;5;37;47m888[0;1;30;47m8[0;37;40m              [0;34;40m%[0;1;30;40m@X[0m
              [0;37;40m               [0;1;37;47mX[0;5;37;45m8[0;5;33;41m%[0;37;40m           [0;5;35;40m;[0;1;37;47mt[0;1;35;47m@[0;1;33;47mS[0;1;37;47m:[0;5;37;47m8[0;1;37;47m   [0;5;37;47m888[0;1;31;47mX[0;35;47m8[0;35;41m8[0;1;30;47m8[0;5;31;41m8[0;5;37;47m:;[0;1;37;47m [0;1;31;47m8[0;5;37;47m;[0;1;37;47m:[0;5;37;47m@::::::;t[0;1;30;47m8[0;5;37;47mt:::.:::::.t[0;5;33;40m%[0;1;30;47m@[0;5;37;47m%;:::.X[0;1;30;47m8[0;1;33;47mX[0;35;47mS[0;1;33;47mS[0;35;47mS[0;1;33;47mX[0;1;35;47mX[0;33;47m8@[0;1;30;47m8[0;1;31;47mX[0;1;37;47m [0;1;31;47m8[0;1;33;47mX[0;1;37;47m [0;5;37;47m888888[0;1;37;47m;[0;5;37;47m8[0;1;37;47m.[0;37;40m           [0;34;40m;[0;1;30;40mX[0;37;40m  [0;34;40m;[0;1;30;40mS[0m
              [0;37;40m              [0;1;30;47m@[0;37;45m@[0;37;40m            [0;1;30;47mS[0;1;37;47m;:[0;5;37;47m888@88888@S[0;1;33;47mS[0;5;35;41mS[0;35;47m8[0;5;35;40m.[0;1;37;47m:[0;5;37;47m;t[0;1;30;47m8[0;5;37;47mt::.:.:.::;8.::::.[0;5;1;33;47mX[0;5;37;47m;:.:;%::::.:::[0;1;37;47m:[0;1;31;47mS[0;1;33;47mS[0;35;47m8[0;1;31;47m@[0;33;47m@@[0;35;47mX[0;1;31;47m@[0;1;30;47m8[0;33;47m@X[0;1;30;47m8[0;1;31;47m@[0;1;33;47mS[0;1;31;47mX[0;5;37;47m88[0;1;33;47mX[0;1;31;47mX[0;1;33;47m8[0;1;31;47mS[0;5;37;47m8[0;1;37;47m.[0;37;40m         [0;34;40mt[0;31;40mt[0;1;30;40m8X[0;34;40mt[0;37;40m   [0m
              [0;37;40m                          [0;1;37;47mt[0;5;37;47m%[0;1;37;47m@[0;5;37;47m@S@S%88[0;1;33;47mS[0;5;37;47m88%tXX[0;1;37;47m [0;5;35;41m;[0;35;47m@[0;5;35;41mt[0;1;37;47m8[0;5;37;47m::;:.::::tttSX;::.::::.:::.::.::.::.8[0;1;31;47m@[0;1;33;47mS[0;1;30;47m8[0;1;37;47m [0;1;31;47m@[0;1;33;47mS[0;1;30;47m8[0;1;33;47mS[0;35;47m8[0;1;31;47mX[0;33;47mS[0;35;47m8[0;33;47m@[0;1;31;47mS[0;1;33;47m8[0;5;37;41m8[0;1;30;47m8[0;1;31;47mX[0;1;30;47m8[0;5;37;47m88[0;1;37;47m.[0;37;40m       [0;34;40m%[0;37;40m  [0;34;40mt[0;1;30;40m@[0;37;40m     [0m
              [0;37;40m                        [0;1;30;47m%[0;1;37;47m@[0;5;37;47mXt[0;1;37;47mX[0;5;37;47m@[0;1;33;47mS[0;1;37;47m [0;5;37;47m88[0;5;33;41m [0;1;33;47m%[0;1;31;47mX[0;1;33;47m@[0;1;31;47mS[0;5;37;47m8[0;5;1;33;47m@[0;1;37;47m [0;5;37;47mXt[0;1;30;47m8[0;35;47m88[0;5;31;41m8[0;1;37;47m8[0;5;37;47m::.::[0;1;37;47m8[0;1;30;43m88[0;30;41mS[0;5;33;40m88X;[0;33;47m8[0;5;37;47m8::::.:::.:::.::::.:;t[0;1;37;47m [0;35;47m8[0;1;33;47m@[0;1;31;47m@[0;1;37;47m [0;1;31;47mX[0;1;37;47m [0;1;31;47m@[0;1;33;47mS[0;35;47mS[0;1;33;47mX[0;35;47mX[0;33;47m8[0;35;47m8[0;1;30;47m88[0;1;33;47mX[0;1;35;47mS[0;5;37;47m888[0;1;37;47m:[0;37;40m     [0;34;40m;[0;1;30;40m88X[0;34;40m%[0;37;40m       [0m
              [0;37;40m                       [0;1;37;47m8[0;5;37;47m8[0;1;37;47m8[0;5;37;47mt%[0;1;37;47m%[0;1;33;47m8[0;1;31;47mX[0;1;33;47mX[0;1;31;47m8[0;1;33;47mX[0;1;30;47mX[0;1;33;47mS[0;35;47mX[0;1;31;47mS[0;1;33;47mS[0;1;31;47mXS[0;5;37;47m8t%8[0;5;31;41mS[0;1;30;47m8[0;37;45m8[0;1;30;45m8[0;1;37;47m%[0;5;37;47m:::[0;1;30;43m8[0;1;30;41mX[0;1;30;47m8[0;1;37;47m%[0;5;37;47m;S%;:t::.:::;.[0;5;1;33;47m@[0;5;37;47m;.:::.:.::;[0;1;37;47m% [0;1;35;47m8[0;1;31;47mX[0;35;47m8[0;33;47mXS[0;1;31;47mS[0;1;33;47mS[0;35;47mX[0;1;33;47mS[0;35;47m@[0;1;33;47mX[0;1;31;47m@[0;1;30;47m8[0;1;33;47m@[0;1;31;47m@[0;1;30;47m8[0;1;31;47mS[0;1;37;47m.[0;5;37;47m888[0;1;37;47m:[0;37;40m   [0;34;40m;[0;1;30;40mS[0;31;40mt[0;34;40mS[0;1;30;40mX[0;37;40m         [0m
              [0;37;40m                      [0;5;37;47m8%[0;1;37;47mS[0;5;37;47mt%t8[0;33;47m8[0;35;47mX[0;1;33;47mX[0;35;47mX[0;33;47m@[0;1;30;47m8[0;1;31;47mX[0;1;33;47mX[0;1;31;47mX[0;1;37;47m [0;1;33;47mX[0;1;37;47m [0;5;37;47mXtSt[0;1;37;47m [0;5;35;41m8[0;1;30;47m8[0;5;31;41mt[0;1;30;47m8[0;1;33;47mS[0;5;37;47m8.8%;::.::.::.::[0;5;1;33;47m@[0;5;37;47m::::::.:::::t[0;1;33;47m@[0;1;35;47m@[0;1;31;47mS[0;5;37;45m8[0;1;37;47m [0;5;37;45m8[0;1;37;47m [0;5;1;31;45m8[0;33;47m8[0;1;30;47m8[0;1;31;47mS[0;33;47mS[0;1;31;47mS[0;1;33;47mS[0;35;47m8[0;1;33;47mS[0;35;47m@[0;1;31;47mS[0;1;37;47m [0;1;33;47mX[0;35;47mX[0;1;33;47m8[0;5;37;47m888[0;1;33;47mS[0;31;40m8[0;34;40m%[0;1;30;40mSXX[0;34;40m%[0;37;40m           [0m
              [0;37;40m                      [0;5;37;47mX%[0;1;37;47m8[0;5;37;47m8%%X[0;1;37;47m [0;1;31;47m@[0;33;47mS[0;1;33;47mS[0;1;31;47m@[0;1;30;47m8[0;33;47mX[0;1;35;47mX[0;33;47m8[0;1;31;47mXS[0;1;37;47m [0;5;37;47mS%8SS[0;5;33;40m.[0;5;35;41mS[0;5;37;40m8[0;5;37;45m8[0;1;35;47mS[0;1;37;47m [0;5;37;47mS:::.::.::.::::::::8[0;1;33;47mSX[0;5;37;47m8:.:.[0;1;33;47m@[0;1;35;47mXX%[0;1;37;47m [0;5;1;37;45m8[0;5;1;31;43m8[0;5;1;37;45m8[0;1;37;47m [0;1;35;47m8[0;5;31;41m%[0;5;35;40mX[0;5;31;40m88[0;5;37;40m%[0;35;47m@[0;33;47m@[0;1;31;47mS[0;1;33;47m%[0;1;30;47m8[0;1;31;47mX[0;1;30;47m8[0;1;33;47mS[0;1;31;47m8[0;1;37;47m [0;5;37;47m8[0;1;33;47m@[0;1;30;45m8[0;5;30;40m8[0;5;34;40m8[0;30;44m8[0;1;30;40m@[0;37;40m             [0m
              [0;37;40m              [0;34;40m%[0;1;30;40m8[0;34;40mt[0;37;40m      [0;1;37;47m [0;1;33;47mS[0;1;37;47m [0;1;33;47mXXS[0;1;37;47m [0;33;47m8[0;1;31;47mX[0;35;47mS[0;1;33;47mX[0;1;31;47m8[0;33;47m@8S[0;1;37;47m  :[0;5;37;47m88[0;5;1;33;47mX[0;5;37;47m8@[0;1;37;47m [0;1;30;45m8[0;35;47m8[0;1;31;47mS[0;5;37;47m8[0;5;37;45m8[0;1;37;47m [0;5;37;47m8;.::::.:::.:.:[0;1;37;47m8[0;1;33;47m8%[0;1;37;47m:[0;5;37;47m88.::@[0;1;33;47m8[0;5;37;45m8[0;1;33;47m%[0;5;37;45m8[0;1;37;47m [0;5;1;31;45m8[0;5;37;47m8[0;5;1;37;45m@[0;1;35;47mS[0;5;1;35;41m8[0;33;47m8[0;5;35;40mS[0;34;40mSS[0;1;30;40m@[0;31;40m8[0;5;31;40m88[0;5;35;40mX[0;5;31;40m@[0;5;33;40m%[0;5;35;40m@[0;1;30;41m8[0;5;31;40m8@[0;30;41m@8[0;31;40mX[0;1;30;40m8[0;30;44m8[0;5;34;40m@[0;5;35;40m:[0;37;40m              [0m
              [0;37;40m                [0;34;40mt[0;31;40mt[0;34;40m%[0;31;40mt[0;34;40m%[0;1;30;40m8@[0;31;40mX[0;5;35;40m [0;33;47mS[0;35;47mX8[0;1;31;47m8[0;33;47mS[0;35;47mX[0;33;47m8[0;1;31;47m@[0;1;30;47m8[0;33;47mS[0;1;37;47m [0;5;37;47m88X%%%%SXS:[0;1;30;47m8[0;5;35;41mX[0;1;35;47mS[0;5;37;45m8[0;5;1;33;47m8[0;5;37;45m8[0;1;37;47m [0;5;37;47m88::.:::.:::::;St:;::.[0;1;33;47mS[0;1;35;47m@@S[0;5;37;45m8[0;5;37;43m8[0;5;1;37;45m@[0;5;37;47m8[0;5;1;35;41m8[0;5;37;47m8[0;5;37;41m8[0;1;31;47m@[0;1;30;45m8[0;1;37;47m8[0;5;36;40m;[0;5;34;40m8[0;30;44m8[0;1;30;40m@[0;34;40mS[0;1;30;40mX[0;31;40mSX@[0;1;30;40mX[0;31;40mX[0;34;40mX[0;1;30;40mX[0;34;40mS[0;1;30;40mX[0;1;30;44m@[0;5;34;40mX[0;5;37;40m;[0;1;30;47m8[0;1;34;47mX[0;37;40m              [0m
              [0;37;40m                   [0;1;30;40mX8[0;34;40mS[0;1;30;40m@8[0;30;41m8[0;5;35;40m@[0;33;47m8[0;1;31;47m@[0;1;35;47m@[0;1;31;47m@[0;35;47m@[0;33;47m8[0;1;30;47m8[0;1;31;47m@[0;33;47mX[0;1;31;47mS[0;5;37;47m8888[0;5;1;33;47m@[0;5;37;47m8[0;5;37;43m8[0;1;37;47m [0;5;37;43m8[0;1;31;47m@[0;1;33;47mS[0;5;35;40m t[0;1;31;47m8[0;1;37;47m.[0;5;1;37;45m@[0;5;37;47m8[0;5;1;31;45m8[0;5;37;47m8[0;5;31;41m [0;1;30;47m@[0;1;37;47m [0;5;37;47m8%:.::.[0;5;1;33;47m8[0;5;37;47m::::::.::[0;1;37;47m;[0;1;35;47mX[0;1;31;47mS[0;1;35;47m%[0;1;37;47m [0;5;1;31;45m8[0;5;37;47m8[0;5;1;35;41m8[0;5;37;47m8[0;5;1;35;41m8[0;5;37;41m8[0;35;47m8[0;5;35;40m@[0;1;30;47m8[0;5;37;47mS[0;5;35;40m:S[0;5;36;40mX[0;5;34;40m8@8[0;1;30;44m@[0;34;40mX[0;1;30;40m8[0;34;40m@[0;1;30;40m8[0;34;40mS[0;1;30;40m8@[0;5;35;40mt[0;1;30;47m8[0;1;34;47m@SS[0;1;36;47mS[0;5;35;40m8[0;37;40m             [0m
              [0;37;40m                     [0;1;30;40m@[0;34;40m%[0;37;40m [0;1;30;40m8[0;31;40m@[0;5;35;40m8[0;35;47m8[0;1;35;47mXX[0;1;31;47m@[0;1;31;45m8[0;1;30;47m8[0;33;47mX[0;1;33;47mS[0;35;47m8[0;5;33;41m;[0;33;47mS[0;1;31;47m8[0;1;33;47m8[0;1;31;47m8X[0;1;35;47mX[0;1;31;47m8[0;1;35;47m%[0;1;33;47m@[0;35;47m@[0;5;35;40m888[0;1;35;47m@[0;5;37;41m8[0;5;37;47m8[0;5;1;37;45m8[0;1;37;47m [0;1;35;47mS[0;5;35;41m%[0;5;37;40m%[0;5;35;40m;:[0;5;37;40mX[0;1;33;47mXS[0;1;37;47m:SX88[0;5;37;47m88888[0;1;33;47mX@[0;1;31;47m8[0;1;35;47mS[0;5;37;45m8[0;5;1;33;47m8[0;5;1;31;45m@[0;5;37;47m8[0;5;37;45m8[0;5;37;47m8[0;5;1;35;41m8[0;1;33;47m%[0;35;47m8[0;5;35;40m;[0;5;34;40m@[0;5;37;47m8S[0;5;37;40m;[0;5;34;44m8[0;5;35;40m:S[0;36;47m8[0;1;30;45m8[0;5;36;40m@[0;5;35;40mX[0;1;30;44m8[0;5;34;40mX88X[0;1;30;47m8[0;1;34;47m8X[0;1;36;47mS[0;1;34;47m@X@[0;5;36;40m:[0;37;40m             [0m
              [0;37;40m                      [0;1;30;40m8[0;5;31;40mX[0;34;40m@[0;5;35;40m8[0;31;40mS[0;1;30;41m8[0;30;41m8[0;5;35;40mt[0;5;31;40m8[0;1;30;40m8[0;31;40m8[0;5;31;40m8[0;1;30;47m8[0;33;47mX[0;1;37;47m [0;1;33;47mX[0;1;30;47m8[0;1;31;47mS[0;1;30;47m@[0;1;33;47mX[0;33;47m@[0;1;33;47mX[0;1;31;47m@[0;1;30;47m8[0;33;47m8[0;31;40m@[0;34;40m%[0;1;30;40m@[0;1;30;45m8[0;1;37;47m [0;5;1;37;45m8[0;5;1;31;43m8[0;5;1;37;45m8[0;5;37;47m8[0;37;45m@[0;1;30;45m8[0;1;30;47m8[0;5;35;44mS[0;5;35;40m [0;1;37;47m  [0;1;33;47m8XX@[0;1;31;47m@[0;1;33;47m8[0;33;47m8[0;1;33;47m@X[0;1;31;47mS[0;1;37;47m [0;35;47m@[0;1;35;47mX[0;1;37;47m [0;5;1;31;45m8[0;5;37;47m8[0;5;37;45m8[0;1;33;47m%[0;5;1;31;45m8[0;5;37;47m8[0;5;37;41m8[0;35;47m88[0;5;34;40m8[0;1;30;47m%[0;5;37;47mSS[0;1;30;47m8[0;5;36;40m%[0;5;34;44m8[0;5;35;40m;[0;5;37;44m8[0;1;36;47mS[0;5;35;44mt[0;5;36;40m %[0;5;34;40mX[0;5;35;40m;[0;1;30;47m8[0;1;34;47m8X[0;1;36;47mS[0;1;34;47m8[0;1;35;47m@[0;1;34;47m@[0;1;36;47m%[0;1;34;47m@[0;35;47m@[0;37;40m             [0m
              [0;37;40m                      [0;35;47m8[0;1;35;47m@[0;35;47mX[0;1;35;47mX[0;35;47m@[0;1;30;47m8[0;1;30;45m8[0;5;31;40m8[0;1;30;40m@[0;34;40mX[0;1;30;40m@[0;31;40m@[0;1;30;47m8[0;33;47m@S[0;1;31;47mX[0;1;37;47m [0;1;33;47m@[0;35;47m@[0;1;31;47mX[0;33;47mS[0;35;47mX[0;1;33;47mX[0;1;31;47mX[0;1;30;47m8[0;31;40m@[0;1;30;40m@[0;5;30;40m8[0;5;35;40mX[0;1;37;47m [0;5;1;37;45m8[0;5;1;35;47m8[0;1;35;47m%[0;5;37;45m8[0;5;37;41m8[0;5;35;40m:[0;37;45m8[0;37;46m8[0;1;30;45m8[0;1;30;47m;[0;35;47m8[0;5;35;40mt[0;1;30;45m8[0;5;35;40m8[0;1;30;41m8[0;34;40m8[0;5;31;40mX[0;31;40m8[0;1;30;45m.[0;5;31;40m8[0;5;35;40m@[0;5;33;40mX[0;5;35;40m%[0;1;35;47mS[0;5;37;47m8[0;5;37;45m8[0;1;33;47mS[0;5;1;37;45m@[0;5;37;47m8[0;5;1;31;45m8[0;5;37;47m8[0;5;35;41m [0;35;47m@[0;5;34;40m@[0;5;35;40m [0;5;37;47m%S[0;1;37;47m [0;1;30;44m@[0;5;35;40mX[0;5;36;40mS[0;5;34;44m8[0;1;30;47m8[0;1;35;47mS[0;1;36;47mS[0;1;34;47mXXSX@[0;1;36;47mS[0;1;34;47m8[0;1;35;47m@[0;1;34;47m8[0;1;36;47m8[0;1;34;47m8[0;1;35;47m@[0;1;34;47m8[0;1;30;46m8[0;1;30;44mX[0;37;40m            [0m
              [0;37;40m                    [0;5;35;40m%[0;1;35;47mXS[0;1;31;47mX[0;1;35;47m@[0;1;31;47mX[0;5;37;45m8[0;1;31;47m@[0;1;35;47mX@[0;5;35;40mt[0;1;30;40m8[0;34;40m8[0;1;30;40m8[0;31;40m8[0;5;31;40m8[0;5;35;40mS[0;5;33;40m;[0;33;47m8[0;35;47m8[0;1;33;47m8[0;35;47mX[0;1;33;47m@[0;35;47m8[0;1;30;43m8[0;1;30;41m8[0;31;40m@[0;34;40mX[0;1;30;40m88[0;35;47m8[0;5;1;37;45m8[0;5;37;43m8[0;5;1;37;45m8[0;5;37;43m8[0;5;37;45m8[0;5;37;41m8[0;1;30;47m8[0;5;37;44m8[0;1;34;45m8[0;36;47m8[0;34;45m8[0;5;30;40m8[0;5;35;40mX [0;1;30;47m8S[0;1;37;47m%[0;5;37;47m8[0;1;37;47m: [0;1;30;47mX8[0;5;35;40mS[0;1;30;45m8[0;1;37;47m [0;5;1;31;45m8[0;5;37;47m8[0;5;1;31;45m8[0;5;37;47m8[0;5;1;35;41m8[0;5;37;47m8[0;5;37;45m8[0;35;47m@[0;5;35;40m8%[0;5;37;47m@SS[0;1;30;47m8[0;1;30;44mt[0;30;44m8[0;5;34;40m@[0;5;35;40mS[0;36;47m8[0;5;37;44m8[0;1;35;47mS[0;1;34;47m@[0;1;36;47mS[0;1;34;47m@[0;1;37;47m [0;1;34;47m@@S[0;1;36;47m@[0;1;34;47m8[0;1;35;47m@[0;1;34;47m8[0;1;34;46m8[0;5;35;40m%[0;1;30;44m@[0;5;35;40m [0;37;40m            [0m
              [0;37;40m                   [0;35;47m8[0;1;35;47mX%@[0;1;31;47m@[0;5;37;45m8[0;1;31;47mS[0;1;35;47mXX[0;1;31;47m@[0;35;47m8[0;1;37;47m.[0;5;35;40m%[0;5;34;40m@[0;1;30;44m@[0;1;30;40mX[0;34;40mX[0;31;40m8[0;30;41m8[0;31;40m888888[0;1;30;40m8[0;34;40mX[0;1;30;40m88[0;30;44m8[0;35;47m8[0;1;37;47m [0;5;1;37;45m8[0;5;37;45m8[0;5;37;47m8[0;5;1;31;45m@[0;1;33;47m@[0;1;30;45m8[0;1;37;47mX. [0;5;37;44m8[0;5;36;40m [0;1;30;47m@[0;1;37;47m:S[0;5;37;47m88X@S8[0;1;37;47m:[0;1;30;47m88[0;35;47m@[0;5;1;35;47m8[0;1;37;47m [0;5;37;45m8[0;5;1;33;47m8[0;5;1;31;45m8[0;5;37;47m8[0;5;1;31;45m8[0;5;37;47m8[0;5;35;41m [0;5;36;40mS[0;1;37;47mt[0;5;37;47mSSS[0;1;37;47m [0;5;36;40m:%[0;34;40m8[0;30;44m8[0;1;30;44m8[0;5;36;40mS[0;1;34;46m8[0;35;47m@[0;1;34;47mXSXS[0;1;37;47m [0;5;37;44m8[0;1;35;47mX[0;5;36;44mt[0;5;36;40m;[0;1;30;44m8[0;5;34;40m@@[0;1;30;47m%[0;5;37;47m@[0;37;40m            [0m
              [0;37;40m                 [0;1;30;45m8[0;1;35;47m%@[0;1;31;47mX[0;1;35;47mS[0;1;31;47mX[0;5;37;45m8[0;1;33;47mS[0;5;37;45m8[0;5;37;41m8[0;1;35;47mS[0;5;37;45m8[0;35;47mX[0;1;37;47m:[0;1;35;47mS[0;1;30;46m8[0;1;30;45m8[0;5;36;40m@[0;5;34;40m88[0;34;40m8[0;5;30;40m8[0;34;40m@[0;1;30;40m@[0;34;40mX[0;1;30;40m@[0;34;40mX[0;31;40m@[0;1;30;40m8[0;1;30;44m@[0;5;34;40m@[0;5;35;40m%[0;1;35;47mS[0;1;37;47m [0;5;37;47m8[0;5;1;35;41m8[0;5;37;47m8[0;1;35;47m@[0;5;35;41m:[0;1;37;47m.[0;5;37;47m8[0;1;37;47m [0;5;37;47m8[0;1;37;47m [0;5;37;44m8[0;5;36;40m:[0;5;37;47m8XXSSSXX8[0;5;36;44mt[0;1;37;47m;[0;35;47mX[0;1;35;47mX[0;5;37;45m8[0;1;33;47mS[0;5;37;45m8[0;5;37;47m8[0;5;1;31;45m8[0;5;37;47m8[0;1;35;47mX@[0;1;30;47m:[0;5;37;47m;SSX[0;1;30;47m8888%8[0;5;35;40mS[0;5;34;40m8[0;1;30;44m@88[0;1;34;46m8[0;1;30;45m8[0;5;34;44m8[0;5;36;40m%[0;1;30;44mX[0;5;36;40mS[0;5;35;40m.[0;1;30;47m88[0;1;37;47m [0;5;37;47m88[0;37;40m            [0m
              [0;37;40m               [0;35;47m8[0;1;35;47mXS[0;1;31;47m@[0;1;35;47m@X[0;5;37;41m8[0;5;1;35;47m8[0;5;37;41m8[0;5;37;45m8[0;1;33;47m%[0;5;37;45m8[0;1;31;47mS[0;1;35;47mS[0;35;47mX[0;1;37;47m [0;1;34;47m%[0;1;37;47m [0;5;37;44m8[0;5;35;40mt[0;1;30;44m8[0;5;36;40m:[0;5;35;40mt[0;1;30;44m8[0;5;34;40m@[0;1;30;40m@@[0;34;40m8[0;5;30;40m8[0;5;34;40m88[0;5;35;40mS[0;5;34;40m@[0;5;35;40m;[0;5;37;47m8[0;5;37;45m8[0;5;1;35;47m8[0;5;37;47m8[0;5;1;35;41m@[0;33;47m@[0;1;37;47m  [0;1;35;47mS[0;5;1;34;46m8[0;1;35;47mS[0;1;34;47m8[0;1;34;46m8[0;1;35;47mS[0;1;37;47m [0;5;37;47mSSSSSS8[0;1;37;47m [0;1;34;47m@[0;1;34;44m8[0;1;30;47m8[0;1;35;47m@[0;1;37;47m [0;5;1;31;45m@[0;5;37;47m8[0;5;1;31;45m8[0;5;37;47m8[0;5;1;35;41m8[0;5;37;47m8[0;5;37;41m8[0;1;37;47mX[0;5;37;47m;SSS[0;36;47mX[0;1;34;47mX[0;1;30;47m@[0;1;37;47m [0;5;37;47m8888[0;1;37;47mt [0;1;30;47m88[0;5;36;40m.[0;1;30;47m88[0;1;37;47m [0;5;37;47m88[0;1;30;47m8[0;5;37;47m888[0;1;30;47m8[0;37;40m            [0m
              [0;37;40m            [0;5;35;40m8 [0;1;35;47m@@[0;1;31;47m@[0;1;35;47m@X[0;5;37;41m8[0;1;37;47m [0;5;37;45m8[0;1;31;47mS[0;1;35;47mS[0;5;37;45m8[0;5;37;41m8[0;1;37;47m [0;5;1;35;41m8[0;5;35;40m [0;35;47m@[0;1;37;47m [0;1;34;47mS[0;1;37;47m  [0;1;34;47mX[0;5;37;44m8[0;5;36;40m%[0;5;34;44mX[0;5;36;40m [0;5;35;40mt[0;34;46m8[0;1;30;45m8[0;5;36;40m:[0;1;30;47m8[0;35;44m8[0;1;30;46m8[0;1;30;45m8[0;1;34;46m8[0;37;45m8[0;5;37;45m8[0;5;37;47m8[0;5;1;35;41m8[0;1;37;47m [0;5;35;41m:[0;1;30;47m8[0;1;35;47m88[0;1;34;47mS[0;1;37;47m:[0;5;36;44mS[0;5;35;40m.[0;1;37;47m  [0;5;37;47m888XSSS8[0;1;37;47m [0;5;37;47m8[0;1;37;47m [0;1;34;47m8[0;1;30;45m8[0;5;37;47m8[0;5;37;45m8[0;1;37;47m [0;5;37;47m8[0;5;1;31;45m8[0;5;37;47m8[0;5;37;45m8[0;1;35;47mS[0;35;47m@[0;5;37;47m:tS8[0;35;47mX[0;36;47mX[0;1;34;47mS[0;5;37;47m8888888888888888888[0;37;40m             [0m
              [0;37;40m         [0;5;35;40m@:[0;1;35;47m@@@[0;1;31;47m@[0;1;35;47m@[0;1;31;47m8[0;1;35;47m@[0;1;31;47mX[0;5;37;45m8[0;1;35;47mX[0;5;37;41m8[0;5;1;37;45m8[0;5;1;33;41m8[0;1;35;47m@X[0;5;37;45m8[0;1;33;47mS[0;1;30;45m8[0;5;34;40m8[0;1;34;47m@[0;1;37;47m [0;5;1;36;44m8[0;5;37;47m8[0;1;35;47mS[0;1;36;47mX[0;1;34;47m8[0;1;30;47m8[0;5;35;44mX[0;1;30;47m8[0;1;34;47m@[0;1;37;47m [0;1;36;47mS[0;1;35;47mS[0;5;36;44m;[0;5;37;40mt[0;5;36;44m8[0;5;35;40m;[0;37;45m8[0;1;37;47m:[0;5;37;45m8[0;1;33;47m@[0;1;31;47m8[0;1;37;47m%: [0;5;37;45m8[0;37;45m8[0;1;30;45m8[0;5;36;40m.[0;1;37;47m  [0;5;1;36;47m8[0;5;1;35;44m8[0;5;37;47m88XSS8[0;1;37;47m [0;5;1;36;47m8[0;5;1;34;45m8[0;5;37;47m8[0;1;37;47m .[0;5;37;45m8[0;1;33;47m%[0;5;1;31;45m@[0;5;37;47m8[0;1;35;47mS[0;1;31;47mS[0;5;37;47m8[0;5;1;31;45m8[0;1;31;47m@[0;5;37;47m8tS8[0;36;47m8[0;35;47m@[0;1;37;47m [0;5;37;47m8888888888888888888[0;1;37;47m [0;37;40m            [0m
              [0;37;40m      [0;5;35;40m8:[0;1;35;47m@@@[0;1;31;47m@@8[0;1;30;45m8[0;1;31;47m8[0;1;35;47m@[0;1;31;47mX[0;5;37;45m8[0;1;33;47mX[0;5;1;31;45m8[0;1;37;47m [0;5;37;41m8[0;1;35;47m8[0;1;31;47mX[0;1;35;47mX[0;5;37;41m8[0;5;37;47m8;[0;1;30;47mX[0;35;44mX[0;35;47m8[0;1;35;47mX[0;5;1;36;44m8[0;1;37;47m [0;1;35;47mX[0;1;36;47mS[0;1;35;47mS[0;1;36;47mS[0;1;37;47m [0;1;34;47mS[0;1;35;47m%[0;1;34;47m@[0;1;37;47m [0;1;36;47mS[0;1;34;45m8[0;5;35;40m:[0;1;30;44m8[0;5;35;40m@[0;1;37;47m [0;5;1;35;41m8[0;1;30;47m@[0;5;37;47m tSX8[0;1;35;47m8[0;1;30;45m8[0;5;35;44m8[0;5;36;44mS[0;1;35;47mX[0;1;37;47m [0;5;1;36;47m8[0;1;37;47m  [0;5;37;47m8S8[0;1;37;47m [0;5;1;37;45m8[0;5;37;46m8[0;5;37;47m8[0;5;1;36;44m8[0;1;35;47m@[0;1;34;44m8[0;5;35;40mS[0;1;35;47mX[0;5;37;47m8[0;5;1;35;41m8[0;5;37;47m8[0;5;1;31;45m8[0;5;37;47m8[0;1;35;47m%[0;5;37;41m8[0;1;35;47mS[0;5;37;47mtX[0;1;37;47m [0;35;47m8[0;1;36;47m8[0;1;37;47m [0;5;37;47m8888888888888888888[0;1;30;47mS[0;37;40m            [0m
              [0;37;40m   [0;5;35;40m8.[0;1;35;47m@@X[0;1;31;47m@[0;5;35;41m%[0;5;33;40m.[0;37;40m [0;5;35;40m8[0;35;47m8[0;1;35;47m@@[0;1;31;47mX[0;1;35;47m@[0;5;37;41m8[0;1;31;47m88[0;1;35;47m8@[0;1;31;47m@[0;5;37;45m8[0;1;31;47mS[0;1;35;47m@[0;5;37;47m8:;[0;1;37;47m [0;1;30;46m8[0;35;44m@[0;5;35;40m.[0;5;37;44m8[0;1;34;47m@[0;1;37;47m [0;1;34;47mX[0;1;37;47m [0;1;34;47mS[0;1;37;47m [0;5;1;36;44m8[0;1;37;47m [0;5;35;44m [0;5;35;40m [0;5;34;40m8[0;30;44m8[0;5;35;40m;[0;1;35;47mS[0;1;31;47m8[0;1;37;47m [0;5;37;47mS:tSSSX[0;1;37;47mS[0;1;35;47m8[0;37;45m8[0;1;30;45m8[0;5;34;44m.[0;1;34;47m@[0;1;35;47mS[0;5;1;37;46m8[0;5;37;47m888[0;5;1;34;46m8[0;5;37;47m8[0;5;1;35;44mX[0;5;36;44m%[0;1;30;45m8[0;35;47m8[0;1;35;47m8[0;5;37;41m8[0;1;35;47mX[0;1;31;47mX[0;5;1;35;47m8[0;1;35;47mX[0;5;37;47m88[0;5;37;45m8[0;1;31;47m8[0;1;37;47m [0;5;37;47m:S[0;1;30;47m8[0;36;47m8[0;35;47m8[0;5;37;47m88888888888888888888[0;1;37;47m [0;37;40m            [0m

